1949.77 2250.03 2429.51 2542.40 2624.71 2687.39 2735.02 2769.78 2792.68 2804.09
2250.03 2369.26 2481.64 2571.39 2644.09 2702.21 2747.63 2781.38 2803.86 2815.13
2429.52 2481.64 2549.45 2616.77 2677.23 2728.83 2770.92 2803.13 2825.01 2836.10
2542.40 2571.40 2616.78 2667.68 2717.64 2763.13 2802.06 2832.96 2854.52 2865.64
2624.71 2644.09 2677.23 2717.64 2760.18 2801.25 2838.22 2868.91 2891.17 2902.97
2687.39 2702.21 2728.83 2763.13 2801.25 2840.09 2877.05 2909.71 2935.09 2949.40
2735.02 2747.63 2770.93 2802.06 2838.23 2877.05 2916.73 2955.15 2988.36 3009.25
2769.79 2781.38 2803.13 2832.96 2868.91 2909.71 2955.15 3004.45 3053.70 3090.74
2792.69 2803.86 2825.01 2854.53 2891.18 2935.09 2988.36 3053.70 3132.25 3212.18
2804.10 2815.14 2836.11 2865.64 2902.98 2949.41 3009.25 3090.74 3212.18 3409.51
