92.436  93.902  94.788  95.402  95.867  96.239  96.550  96.816  97.048  97.254  97.438  97.605  97.757  97.896  98.024 98.142  98.250  98.349  98.441  98.526  98.603  98.673  98.736  98.793  98.844  98.888  98.925  98.957  98.982  99.001  99.013  99.020
93.902  94.481  95.061  95.551  95.959  96.301  96.594  96.849  97.074  97.275  97.456  97.620  97.770  97.908  98.034 98.151  98.258  98.357  98.449  98.533  98.610  98.679  98.743  98.800  98.850  98.894  98.932  98.963  98.988  99.007  99.020  99.026
94.788  95.061  95.422  95.784  96.116  96.413  96.677  96.913  97.125  97.316  97.490  97.650  97.796  97.930  98.054 98.169  98.275  98.373  98.464  98.547  98.623  98.693  98.756  98.813  98.863  98.907  98.944  98.976  99.001  99.020  99.032  99.038
95.402  95.552  95.784  96.046  96.308  96.557  96.788  97.000  97.195  97.375  97.540  97.692  97.833  97.963  98.084 98.196  98.300  98.397  98.486  98.568  98.644  98.713  98.775  98.832  98.882  98.926  98.963  98.995  99.020  99.038  99.051  99.057
95.867  95.959  96.116  96.308  96.513  96.719  96.917  97.105  97.282  97.447  97.602  97.746  97.880  98.005  98.122 98.231  98.333  98.427  98.515  98.596  98.671  98.739  98.801  98.857  98.907  98.951  98.988  99.020  99.045  99.064  99.076  99.082
96.239  96.301  96.413  96.557  96.719  96.888  97.057  97.222  97.380  97.531  97.674  97.809  97.936  98.056  98.168 98.274  98.372  98.465  98.551  98.630  98.704  98.772  98.833  98.889  98.939  98.982  99.020  99.051  99.076  99.095  99.108  99.114
96.550  96.594  96.677  96.788  96.917  97.057  97.201  97.345  97.486  97.623  97.755  97.880  98.000  98.114  98.221 98.323  98.418  98.508  98.592  98.671  98.743  98.810  98.871  98.927  98.976  99.020  99.057  99.088  99.114  99.132  99.145  99.152
96.816  96.849  96.913  97.000  97.105  97.222  97.345  97.471  97.596  97.720  97.841  97.958  98.070  98.178  98.280 98.378  98.470  98.558  98.640  98.717  98.788  98.855  98.915  98.970  99.019  99.063  99.100  99.132  99.157  99.176  99.189  99.196
97.048  97.074  97.125  97.195  97.282  97.380  97.486  97.596  97.708  97.820  97.931  98.039  98.145  98.246  98.344 98.438  98.527  98.612  98.693  98.768  98.839  98.904  98.965  99.019  99.069  99.112  99.150  99.182  99.207  99.227  99.240  99.246
97.254  97.275  97.316  97.375  97.447  97.531  97.623  97.720  97.820  97.922  98.024  98.124  98.223  98.319  98.413 98.503  98.589  98.672  98.750  98.825  98.894  98.959  99.019  99.074  99.124  99.168  99.206  99.238  99.264  99.283  99.296  99.303
97.438  97.456  97.490  97.539  97.601  97.674  97.754  97.841  97.931  98.023  98.117  98.211  98.304  98.395  98.484 98.571  98.655  98.735  98.812  98.885  98.955  99.019  99.079  99.134  99.184  99.229  99.267  99.300  99.326  99.346  99.360  99.366
97.605  97.620  97.649  97.692  97.745  97.809  97.880  97.957  98.039  98.124  98.211  98.298  98.386  98.473  98.558 98.642  98.723  98.802  98.878  98.950  99.019  99.084  99.144  99.200  99.250  99.295  99.335  99.368  99.395  99.416  99.430  99.436
97.757  97.770  97.795  97.832  97.880  97.936  98.000  98.070  98.144  98.223  98.303  98.386  98.469  98.552  98.634 98.715  98.795  98.872  98.947  99.019  99.088  99.153  99.214  99.270  99.322  99.368  99.408  99.443  99.471  99.492  99.506  99.513
97.896  97.907  97.930  97.963  98.005  98.055  98.113  98.177  98.246  98.319  98.395  98.472  98.551  98.631  98.711 98.790  98.868  98.945  99.019  99.091  99.160  99.226  99.288  99.346  99.399  99.446  99.488  99.524  99.553  99.575  99.590  99.598
98.024  98.034  98.054  98.083  98.122  98.168  98.221  98.280  98.344  98.412  98.484  98.558  98.634  98.711  98.788 98.866  98.943  99.019  99.094  99.166  99.236  99.303  99.367  99.426  99.481  99.530  99.574  99.612  99.642  99.666  99.681  99.689
98.141  98.150  98.169  98.196  98.231  98.273  98.322  98.377  98.438  98.502  98.570  98.641  98.715  98.790  98.866 98.942  99.019  99.095  99.170  99.244  99.315  99.384  99.449  99.511  99.568  99.620  99.666  99.706  99.739  99.764  99.781  99.789
98.249  98.258  98.275  98.300  98.332  98.372  98.418  98.470  98.527  98.589  98.654  98.723  98.794  98.868  98.943 99.019  99.095  99.172  99.248  99.323  99.396  99.467  99.536  99.600  99.661  99.716  99.765  99.808  99.843  99.870  99.888  99.897
98.349  98.357  98.373  98.396  98.427  98.464  98.508  98.557  98.612  98.671  98.735  98.802  98.872  98.944  99.019 99.095  99.172  99.249  99.327  99.404  99.480  99.554  99.626  99.694  99.758  99.817  99.870  99.917  99.955  99.984 100.005 100.015
98.441  98.448  98.463  98.485  98.514  98.550  98.592  98.639  98.692  98.750  98.812  98.877  98.947  99.019  99.093 99.170  99.248  99.327  99.407  99.486  99.565  99.643  99.719  99.792  99.861  99.925  99.983 100.033 100.076 100.109 100.131 100.142
98.525  98.532  98.546  98.567  98.595  98.630  98.670  98.716  98.767  98.824  98.885  98.950  99.019  99.091  99.166 99.243  99.323  99.404  99.486  99.569  99.652  99.734  99.815  99.893  99.968 100.038 100.102 100.159 100.206 100.243 100.268 100.281
98.602  98.609  98.623  98.643  98.670  98.703  98.742  98.788  98.838  98.894  98.954  99.019  99.087  99.160  99.236 99.315  99.396  99.480  99.565  99.652  99.740  99.827  99.914  99.999 100.081 100.158 100.229 100.293 100.347 100.389 100.418 100.433
98.672  98.679  98.692  98.712  98.738  98.771  98.809  98.854  98.903  98.958  99.018  99.083  99.152  99.225  99.303 99.383  99.467  99.554  99.643  99.734  99.827  99.921 100.014 100.107 100.197 100.284 100.364 100.437 100.499 100.548 100.583 100.600
98.736  98.742  98.755  98.775  98.800  98.832  98.870  98.914  98.964  99.018  99.078  99.143  99.213  99.287  99.366 99.449  99.535  99.625  99.719  99.815  99.914 100.014 100.116 100.218 100.318 100.415 100.507 100.591 100.664 100.722 100.764 100.785
98.792  98.799  98.812  98.831  98.856  98.888  98.926  98.969  99.018  99.073  99.133  99.199  99.269  99.345  99.425 99.510  99.600  99.694  99.791  99.893  99.998 100.107 100.218 100.330 100.442 100.552 100.658 100.756 100.843 100.914 100.964 100.991
98.843  98.849  98.862  98.881  98.906  98.938  98.975  99.018  99.068  99.123  99.183  99.249  99.321  99.398  99.480 99.567  99.660  99.758  99.860  99.968 100.080 100.197 100.318 100.442 100.567 100.693 100.816 100.933 101.038 101.126 101.189 101.223
98.887  98.893  98.906  98.925  98.950  98.981  99.018  99.062  99.111  99.166  99.228  99.294  99.367  99.445  99.529 99.619  99.715  99.817  99.924 100.038 100.158 100.283 100.415 100.552 100.693 100.837 100.981 101.121 101.250 101.361 101.444 101.489
98.925  98.931  98.943  98.962  98.987  99.019  99.056  99.099  99.149  99.204  99.266  99.334  99.407  99.487  99.573 99.665  99.764  99.870  99.982 100.102 100.229 100.364 100.507 100.658 100.816 100.981 101.150 101.319 101.481 101.626 101.737 101.799
98.956  98.962  98.975  98.994  99.019  99.050  99.087  99.131  99.181  99.237  99.299  99.367  99.442  99.523  99.611 99.705  99.807  99.916 100.033 100.158 100.292 100.436 100.590 100.756 100.933 101.121 101.319 101.525 101.730 101.922 102.080 102.172
98.981  98.987  99.000  99.019  99.044  99.075  99.112  99.156  99.206  99.262  99.325  99.394  99.470  99.552  99.641 99.738  99.842  99.954 100.075 100.205 100.346 100.498 100.663 100.842 101.038 101.250 101.481 101.730 101.992 102.254 102.487 102.636
99.000  99.006  99.019  99.037  99.062  99.094  99.131  99.175  99.225  99.282  99.345  99.414  99.491  99.574  99.665 99.763  99.869  99.984 100.108 100.242 100.388 100.548 100.722 100.913 101.125 101.361 101.625 101.922 102.254 102.616 102.977 103.250
99.012  99.019  99.031  99.050  99.075  99.106  99.144  99.188  99.238  99.295  99.358  99.428  99.505  99.589  99.680 99.779  99.887 100.004 100.130 100.268 100.418 100.582 100.763 100.964 101.189 101.444 101.737 102.079 102.487 102.977 103.557 104.136
99.019  99.025  99.037  99.056  99.081  99.113  99.150  99.194  99.245  99.301  99.365  99.435  99.512  99.596  99.688 99.788  99.896 100.014 100.142 100.281 100.433 100.600 100.784 100.990 101.222 101.488 101.799 102.172 102.636 103.250 104.136 105.602
