   98.781  99.075  99.322  99.451  99.527  99.580  99.621  99.655  99.684  99.709  99.731  99.750  99.768  99.784  99.799        99.813  99.825  99.837  99.849  99.859  99.869  99.878  99.887  99.895  99.903  99.911  99.918  99.925  99.931  99.937     99.943  99.948  99.953  99.958  99.963  99.967  99.971  99.975  99.978  99.982  99.985  99.987  99.990  99.992  99.994      99.995  99.997  99.998  99.999 100.000 100.000 100.000 100.000
   99.075  99.142  99.329  99.453  99.527  99.580  99.622  99.655  99.684  99.709  99.731  99.750  99.768  99.784  99.799        99.813  99.826  99.837  99.849  99.859  99.869  99.878  99.887  99.895  99.903  99.911  99.918  99.925  99.931  99.937     99.943  99.948  99.953  99.958  99.963  99.967  99.971  99.975  99.978  99.982  99.985  99.987  99.990  99.992  99.994      99.995  99.997  99.998  99.999 100.000 100.000 100.000 100.000
   99.322  99.329  99.386  99.470  99.535  99.584  99.624  99.657  99.685  99.710  99.731  99.751  99.769  99.785  99.799        99.813  99.826  99.838  99.849  99.859  99.869  99.878  99.887  99.895  99.903  99.911  99.918  99.925  99.931  99.937     99.943  99.948  99.953  99.958  99.963  99.967  99.971  99.975  99.978  99.982  99.985  99.987  99.990  99.992  99.994      99.996  99.997  99.998  99.999 100.000 100.000 100.000 100.000
   99.451  99.453  99.470  99.515  99.560  99.600  99.635  99.665  99.691  99.714  99.735  99.754  99.771  99.787  99.801        99.815  99.827  99.839  99.850  99.860  99.870  99.879  99.888  99.896  99.904  99.911  99.919  99.925  99.932  99.938     99.943  99.949  99.954  99.959  99.963  99.968  99.972  99.975  99.979  99.982  99.985  99.988  99.990  99.992  99.994      99.996  99.997  99.999  99.999 100.000 100.000 100.001 100.001
   99.527  99.527  99.535  99.560  99.591  99.621  99.650  99.676  99.699  99.721  99.740  99.758  99.775  99.790  99.804        99.817  99.829  99.841  99.851  99.862  99.871  99.880  99.889  99.897  99.905  99.912  99.919  99.926  99.932  99.938     99.944  99.950  99.955  99.959  99.964  99.968  99.972  99.976  99.980  99.983  99.986  99.988  99.991  99.993  99.995      99.997  99.998  99.999 100.000 100.001 100.001 100.001 100.001
   99.580  99.580  99.584  99.600  99.621  99.644  99.667  99.689  99.710  99.729  99.747  99.764  99.780  99.794  99.807        99.820  99.832  99.843  99.854  99.864  99.873  99.882  99.891  99.899  99.906  99.914  99.921  99.927  99.934  99.940     99.945  99.951  99.956  99.960  99.965  99.969  99.973  99.977  99.980  99.984  99.987  99.989  99.992  99.994  99.996      99.998  99.999 100.000 100.001 100.002 100.002 100.002 100.002
   99.621  99.621  99.624  99.635  99.650  99.667  99.686  99.704  99.722  99.739  99.756  99.771  99.786  99.799  99.812        99.824  99.836  99.846  99.857  99.866  99.876  99.884  99.893  99.901  99.908  99.915  99.922  99.929  99.935  99.941     99.947  99.952  99.957  99.962  99.966  99.970  99.974  99.978  99.982  99.985  99.988  99.990  99.993  99.995  99.997      99.999 100.000 100.001 100.002 100.003 100.003 100.003 100.003
   99.655  99.655  99.657  99.665  99.676  99.689  99.704  99.720  99.735  99.750  99.765  99.779  99.792  99.805  99.817        99.829  99.840  99.850  99.860  99.869  99.878  99.887  99.895  99.903  99.910  99.917  99.924  99.931  99.937  99.943     99.948  99.953  99.958  99.963  99.968  99.972  99.976  99.980  99.983  99.986  99.989  99.992  99.994  99.996  99.998     100.000 100.001 100.003 100.004 100.004 100.005 100.005 100.005
   99.684  99.684  99.685  99.691  99.699  99.710  99.722  99.735  99.749  99.762  99.775  99.788  99.800  99.812  99.823        99.834  99.844  99.854  99.864  99.873  99.882  99.890  99.898  99.906  99.913  99.920  99.926  99.933  99.939  99.945     99.950  99.955  99.960  99.965  99.969  99.974  99.978  99.981  99.985  99.988  99.991  99.994  99.996  99.998 100.000     100.002 100.003 100.004 100.005 100.006 100.006 100.006 100.006
   99.709  99.709  99.710  99.714  99.721  99.729  99.739  99.750  99.762  99.773  99.785  99.797  99.808  99.819  99.829        99.840  99.850  99.859  99.868  99.877  99.885  99.893  99.901  99.908  99.916  99.922  99.929  99.935  99.941  99.947     99.952  99.957  99.962  99.967  99.971  99.976  99.980  99.983  99.987  99.990  99.993  99.995  99.998 100.000 100.002     100.004 100.005 100.006 100.007 100.008 100.008 100.008 100.008
   99.731  99.731  99.731  99.735  99.740  99.747  99.756  99.765  99.775  99.785  99.796  99.806  99.816  99.826  99.836        99.846  99.855  99.864  99.873  99.881  99.889  99.897  99.905  99.912  99.919  99.925  99.932  99.938  99.944  99.949     99.955  99.960  99.965  99.969  99.974  99.978  99.982  99.985  99.989  99.992  99.995  99.998 100.000 100.002 100.004     100.006 100.007 100.008 100.009 100.010 100.010 100.010 100.010
   99.750  99.750  99.751  99.754  99.758  99.764  99.771  99.779  99.788  99.797  99.806  99.815  99.825  99.834  99.843        99.852  99.861  99.869  99.878  99.886  99.893  99.901  99.908  99.915  99.922  99.929  99.935  99.941  99.947  99.952     99.957  99.962  99.967  99.972  99.976  99.980  99.984  99.988  99.991  99.994  99.997 100.000 100.002 100.005 100.007     100.008 100.010 100.011 100.012 100.012 100.013 100.013 100.013
   99.768  99.768  99.769  99.771  99.775  99.780  99.786  99.792  99.800  99.808  99.816  99.825  99.833  99.842  99.850        99.859  99.867  99.875  99.883  99.891  99.898  99.905  99.912  99.919  99.926  99.932  99.938  99.944  99.950  99.955     99.960  99.965  99.970  99.975  99.979  99.983  99.987  99.991  99.994  99.997 100.000 100.003 100.005 100.007 100.009     100.011 100.012 100.014 100.014 100.015 100.015 100.016 100.016
   99.784  99.784  99.785  99.787  99.790  99.794  99.799  99.805  99.812  99.819  99.826  99.834  99.842  99.850  99.858        99.865  99.873  99.881  99.888  99.896  99.903  99.910  99.916  99.923  99.929  99.936  99.942  99.947  99.953  99.958     99.964  99.968  99.973  99.978  99.982  99.986  99.990  99.994  99.997 100.000 100.003 100.006 100.008 100.010 100.012     100.014 100.015 100.016 100.017 100.018 100.018 100.019 100.019
   99.799  99.799  99.799  99.801  99.804  99.807  99.812  99.817  99.823  99.829  99.836  99.843  99.850  99.858  99.865        99.872  99.879  99.887  99.894  99.901  99.908  99.914  99.921  99.927  99.934  99.940  99.945  99.951  99.957  99.962     99.967  99.972  99.976  99.981  99.985  99.989  99.993  99.997 100.000 100.003 100.006 100.009 100.011 100.013 100.015     100.017 100.018 100.020 100.021 100.021 100.022 100.022 100.022
   99.813  99.813  99.813  99.814  99.817  99.820  99.824  99.829  99.834  99.840  99.846  99.852  99.859  99.865  99.872        99.879  99.886  99.893  99.899  99.906  99.913  99.919  99.925  99.932  99.938  99.944  99.949  99.955  99.960  99.965     99.970  99.975  99.980  99.984  99.989  99.993  99.996 100.000 100.003 100.007 100.010 100.012 100.015 100.017 100.019     100.021 100.022 100.023 100.024 100.025 100.025 100.025 100.025
   99.825  99.825  99.826  99.827  99.829  99.832  99.835  99.840  99.844  99.849  99.855  99.861  99.867  99.873  99.879        99.886  99.892  99.899  99.905  99.912  99.918  99.924  99.930  99.936  99.942  99.948  99.953  99.959  99.964  99.969     99.974  99.979  99.984  99.988  99.992  99.996 100.000 100.004 100.007 100.010 100.013 100.016 100.018 100.021 100.022     100.024 100.026 100.027 100.028 100.028 100.029 100.029 100.029
   99.837  99.837  99.838  99.839  99.841  99.843  99.846  99.850  99.854  99.859  99.864  99.869  99.875  99.881  99.887        99.893  99.899  99.905  99.911  99.917  99.923  99.929  99.935  99.941  99.947  99.952  99.958  99.963  99.968  99.973     99.978  99.983  99.987  99.992  99.996 100.000 100.004 100.007 100.011 100.014 100.017 100.020 100.022 100.024 100.026     100.028 100.030 100.031 100.032 100.032 100.033 100.033 100.033
   99.848  99.849  99.849  99.850  99.851  99.854  99.857  99.860  99.864  99.868  99.873  99.878  99.883  99.888  99.894        99.899  99.905  99.911  99.917  99.923  99.929  99.934  99.940  99.946  99.951  99.957  99.962  99.967  99.972  99.977     99.982  99.987  99.991  99.996 100.000 100.004 100.008 100.011 100.015 100.018 100.021 100.024 100.026 100.029 100.031     100.032 100.034 100.035 100.036 100.037 100.037 100.037 100.037
   99.859  99.859  99.859  99.860  99.862  99.864  99.866  99.869  99.873  99.877  99.881  99.886  99.891  99.896  99.901        99.906  99.912  99.917  99.923  99.928  99.934  99.939  99.945  99.950  99.956  99.961  99.967  99.972  99.977  99.982     99.986  99.991  99.996 100.000 100.004 100.008 100.012 100.016 100.019 100.022 100.025 100.028 100.031 100.033 100.035     100.037 100.038 100.040 100.041 100.041 100.042 100.042 100.042
   99.869  99.869  99.869  99.870  99.871  99.873  99.875  99.878  99.882  99.885  99.889  99.893  99.898  99.903  99.908        99.913  99.918  99.923  99.929  99.934  99.939  99.945  99.950  99.955  99.961  99.966  99.971  99.976  99.981  99.986     99.991  99.995 100.000 100.004 100.009 100.013 100.016 100.020 100.024 100.027 100.030 100.033 100.035 100.038 100.040     100.042 100.043 100.044 100.045 100.046 100.047 100.047 100.047
   99.878  99.878  99.878  99.879  99.880  99.882  99.884  99.887  99.890  99.893  99.897  99.901  99.905  99.910  99.914        99.919  99.924  99.929  99.934  99.939  99.945  99.950  99.955  99.960  99.966  99.971  99.976  99.981  99.986  99.991     99.995 100.000 100.004 100.009 100.013 100.017 100.021 100.025 100.028 100.032 100.035 100.038 100.040 100.043 100.045     100.047 100.048 100.049 100.051 100.051 100.052 100.052 100.052
   99.887  99.887  99.887  99.888  99.889  99.891  99.893  99.895  99.898  99.901  99.904  99.908  99.912  99.916  99.921        99.925  99.930  99.935  99.940  99.945  99.950  99.955  99.960  99.965  99.970  99.976  99.981  99.986  99.990  99.995    100.000 100.005 100.009 100.014 100.018 100.022 100.026 100.030 100.033 100.037 100.040 100.043 100.045 100.048 100.050     100.052 100.054 100.055 100.056 100.057 100.057 100.057 100.057
   99.895  99.895  99.895  99.896  99.897  99.899  99.901  99.903  99.905  99.908  99.912  99.915  99.919  99.923  99.927        99.932  99.936  99.941  99.946  99.950  99.955  99.960  99.965  99.970  99.975  99.980  99.985  99.990  99.995 100.000    100.005 100.009 100.014 100.018 100.023 100.027 100.031 100.035 100.038 100.042 100.045 100.048 100.051 100.053 100.055     100.057 100.059 100.061 100.062 100.062 100.063 100.063 100.063
   99.903  99.903  99.903  99.904  99.905  99.906  99.908  99.910  99.913  99.916  99.919  99.922  99.926  99.929  99.933        99.938  99.942  99.947  99.951  99.956  99.961  99.966  99.970  99.975  99.980  99.985  99.990  99.995 100.000 100.005    100.010 100.014 100.019 100.023 100.028 100.032 100.036 100.040 100.043 100.047 100.050 100.053 100.056 100.059 100.061     100.063 100.065 100.066 100.068 100.068 100.069 100.069 100.069
   99.911  99.911  99.911  99.911  99.912  99.914  99.915  99.917  99.920  99.922  99.925  99.928  99.932  99.936  99.939        99.944  99.948  99.952  99.957  99.961  99.966  99.971  99.976  99.980  99.985  99.990  99.995 100.000 100.005 100.010    100.014 100.019 100.024 100.028 100.033 100.037 100.041 100.045 100.049 100.053 100.056 100.059 100.062 100.065 100.067     100.069 100.071 100.073 100.074 100.075 100.075 100.075 100.075
   99.918  99.918  99.918  99.918  99.919  99.921  99.922  99.924  99.926  99.929  99.932  99.935  99.938  99.942  99.945        99.949  99.953  99.958  99.962  99.966  99.971  99.976  99.981  99.985  99.990  99.995 100.000 100.005 100.010 100.015    100.019 100.024 100.029 100.033 100.038 100.042 100.047 100.051 100.055 100.058 100.062 100.065 100.068 100.071 100.074     100.076 100.078 100.079 100.081 100.082 100.082 100.082 100.082
   99.924  99.924  99.925  99.925  99.926  99.927  99.929  99.931  99.933  99.935  99.938  99.941  99.944  99.947  99.951        99.955  99.959  99.963  99.967  99.972  99.976  99.981  99.986  99.990  99.995 100.000 100.005 100.010 100.015 100.020    100.024 100.029 100.034 100.039 100.043 100.048 100.052 100.056 100.060 100.064 100.068 100.071 100.075 100.078 100.080     100.083 100.085 100.086 100.088 100.089 100.089 100.089 100.089
   99.931  99.931  99.931  99.931  99.932  99.933  99.935  99.937  99.939  99.941  99.944  99.947  99.950  99.953  99.956        99.960  99.964  99.968  99.972  99.977  99.981  99.986  99.990  99.995 100.000 100.005 100.010 100.015 100.020 100.025    100.029 100.034 100.039 100.044 100.049 100.053 100.058 100.062 100.066 100.071 100.074 100.078 100.081 100.084 100.087     100.090 100.092 100.094 100.095 100.096 100.097 100.097 100.097
   99.937  99.937  99.937  99.938  99.938  99.939  99.941  99.943  99.944  99.947  99.949  99.952  99.955  99.958  99.962        99.965  99.969  99.973  99.977  99.982  99.986  99.991  99.995 100.000 100.005 100.010 100.015 100.020 100.025 100.030    100.035 100.040 100.045 100.049 100.054 100.059 100.064 100.068 100.073 100.077 100.081 100.085 100.088 100.092 100.094     100.097 100.099 100.101 100.103 100.104 100.104 100.105 100.105
   99.943  99.943  99.943  99.943  99.944  99.945  99.946  99.948  99.950  99.952  99.955  99.957  99.960  99.963  99.967        99.970  99.974  99.978  99.982  99.986  99.991  99.995 100.000 100.005 100.010 100.014 100.019 100.024 100.029 100.035    100.040 100.045 100.050 100.055 100.060 100.065 100.070 100.074 100.079 100.083 100.088 100.092 100.095 100.099 100.102     100.105 100.107 100.109 100.111 100.112 100.113 100.113 100.113
   99.948  99.948  99.948  99.949  99.949  99.950  99.952  99.953  99.955  99.957  99.960  99.962  99.965  99.968  99.972        99.975  99.979  99.983  99.987  99.991  99.995 100.000 100.005 100.009 100.014 100.019 100.024 100.029 100.034 100.040    100.045 100.050 100.055 100.060 100.066 100.071 100.076 100.081 100.086 100.090 100.095 100.099 100.103 100.107 100.110     100.113 100.116 100.118 100.120 100.121 100.122 100.122 100.122
   99.953  99.953  99.953  99.954  99.955  99.956  99.957  99.958  99.960  99.962  99.965  99.967  99.970  99.973  99.976        99.980  99.984  99.987  99.991  99.996 100.000 100.004 100.009 100.014 100.019 100.024 100.029 100.034 100.039 100.045    100.050 100.055 100.061 100.066 100.071 100.077 100.082 100.087 100.092 100.097 100.102 100.106 100.111 100.115 100.118     100.122 100.124 100.127 100.129 100.130 100.131 100.131 100.131
   99.958  99.958  99.958  99.959  99.959  99.960  99.962  99.963  99.965  99.967  99.969  99.972  99.975  99.978  99.981        99.984  99.988  99.992  99.996 100.000 100.004 100.009 100.013 100.018 100.023 100.028 100.033 100.039 100.044 100.049    100.055 100.060 100.066 100.072 100.077 100.083 100.088 100.094 100.099 100.104 100.109 100.114 100.119 100.123 100.127     100.131 100.134 100.136 100.138 100.140 100.141 100.141 100.141
   99.963  99.963  99.963  99.963  99.964  99.965  99.966  99.968  99.969  99.971  99.974  99.976  99.979  99.982  99.985        99.989  99.992  99.996 100.000 100.004 100.009 100.013 100.018 100.023 100.028 100.033 100.038 100.043 100.049 100.054    100.060 100.066 100.071 100.077 100.083 100.089 100.095 100.100 100.106 100.112 100.117 100.122 100.127 100.132 100.136     100.140 100.143 100.146 100.149 100.150 100.151 100.151 100.151
   99.967  99.967  99.967  99.968  99.968  99.969  99.970  99.972  99.974  99.976  99.978  99.980  99.983  99.986  99.989        99.993  99.996 100.000 100.004 100.008 100.013 100.017 100.022 100.027 100.032 100.037 100.042 100.048 100.053 100.059    100.065 100.071 100.077 100.083 100.089 100.095 100.101 100.107 100.113 100.119 100.125 100.131 100.136 100.141 100.146     100.150 100.154 100.157 100.159 100.161 100.162 100.163 100.163
   99.971  99.971  99.971  99.972  99.972  99.973  99.974  99.976  99.978  99.979  99.982  99.984  99.987  99.990  99.993        99.996 100.000 100.004 100.008 100.012 100.016 100.021 100.026 100.031 100.036 100.041 100.047 100.052 100.058 100.064    100.070 100.076 100.082 100.088 100.095 100.101 100.108 100.114 100.121 100.127 100.133 100.139 100.145 100.150 100.156     100.160 100.164 100.168 100.171 100.173 100.174 100.174 100.175
   99.975  99.975  99.975  99.975  99.976  99.977  99.978  99.980  99.981  99.983  99.985  99.988  99.991  99.993  99.997       100.000 100.004 100.007 100.011 100.016 100.020 100.025 100.030 100.035 100.040 100.045 100.051 100.056 100.062 100.068    100.074 100.081 100.087 100.094 100.101 100.107 100.114 100.121 100.128 100.135 100.141 100.148 100.154 100.160 100.166     100.171 100.176 100.180 100.183 100.185 100.187 100.187 100.187
   99.978  99.978  99.978  99.979  99.979  99.980  99.982  99.983  99.985  99.987  99.989  99.991  99.994  99.997 100.000       100.003 100.007 100.011 100.015 100.019 100.024 100.028 100.033 100.038 100.043 100.049 100.055 100.060 100.066 100.073    100.079 100.086 100.092 100.099 100.106 100.113 100.121 100.128 100.135 100.142 100.150 100.157 100.164 100.171 100.177     100.183 100.188 100.193 100.196 100.199 100.201 100.201 100.201
   99.981  99.982  99.982  99.982  99.983  99.984  99.985  99.986  99.988  99.990  99.992  99.994  99.997 100.000 100.003       100.007 100.010 100.014 100.018 100.022 100.027 100.032 100.036 100.042 100.047 100.053 100.058 100.064 100.071 100.077    100.084 100.090 100.097 100.104 100.112 100.119 100.127 100.135 100.142 100.150 100.158 100.166 100.174 100.181 100.188     100.195 100.201 100.206 100.210 100.214 100.215 100.216 100.216
   99.984  99.984  99.985  99.985  99.986  99.987  99.988  99.989  99.991  99.993  99.995  99.997 100.000 100.003 100.006       100.009 100.013 100.017 100.021 100.025 100.030 100.035 100.040 100.045 100.050 100.056 100.062 100.068 100.074 100.081    100.088 100.095 100.102 100.109 100.117 100.125 100.133 100.141 100.150 100.158 100.167 100.175 100.184 100.192 100.200     100.208 100.215 100.221 100.226 100.229 100.232 100.232 100.232
   99.987  99.987  99.987  99.988  99.988  99.989  99.990  99.992  99.993  99.995  99.998 100.000 100.003 100.006 100.009       100.012 100.016 100.020 100.024 100.028 100.033 100.038 100.043 100.048 100.053 100.059 100.065 100.071 100.078 100.085    100.092 100.099 100.107 100.114 100.122 100.131 100.139 100.148 100.157 100.166 100.175 100.185 100.194 100.203 100.212     100.221 100.229 100.236 100.242 100.246 100.249 100.250 100.250
   99.990  99.990  99.990  99.990  99.991  99.992  99.993  99.994  99.996  99.998 100.000 100.002 100.005 100.008 100.011       100.015 100.018 100.022 100.026 100.031 100.035 100.040 100.045 100.051 100.056 100.062 100.068 100.075 100.081 100.088    100.096 100.103 100.111 100.119 100.127 100.136 100.145 100.154 100.164 100.174 100.184 100.194 100.205 100.215 100.225     100.235 100.244 100.253 100.260 100.265 100.269 100.269 100.269
   99.992  99.992  99.992  99.992  99.993  99.994  99.995  99.996  99.998 100.000 100.002 100.005 100.007 100.010 100.013       100.017 100.020 100.024 100.029 100.033 100.038 100.043 100.048 100.053 100.059 100.065 100.071 100.078 100.084 100.092    100.099 100.107 100.115 100.123 100.132 100.141 100.151 100.160 100.171 100.181 100.192 100.203 100.215 100.227 100.238     100.250 100.261 100.271 100.279 100.286 100.290 100.291 100.291
   99.994  99.994  99.994  99.994  99.995  99.996  99.997  99.998 100.000 100.002 100.004 100.006 100.009 100.012 100.015       100.019 100.022 100.026 100.031 100.035 100.040 100.045 100.050 100.055 100.061 100.067 100.074 100.080 100.087 100.095    100.102 100.110 100.118 100.127 100.136 100.146 100.156 100.166 100.177 100.188 100.200 100.212 100.225 100.238 100.252     100.265 100.278 100.290 100.301 100.309 100.315 100.316 100.316
   99.995  99.995  99.995  99.996  99.997  99.997  99.999 100.000 100.002 100.004 100.006 100.008 100.011 100.014 100.017       100.020 100.024 100.028 100.032 100.037 100.042 100.047 100.052 100.057 100.063 100.069 100.076 100.083 100.090 100.097    100.105 100.113 100.122 100.131 100.140 100.150 100.160 100.171 100.183 100.195 100.208 100.221 100.235 100.250 100.265     100.280 100.296 100.311 100.324 100.336 100.343 100.345 100.345
   99.997  99.997  99.997  99.997  99.998  99.999 100.000 100.001 100.003 100.005 100.007 100.010 100.012 100.015 100.018       100.022 100.026 100.030 100.034 100.038 100.043 100.048 100.054 100.059 100.065 100.071 100.078 100.085 100.092 100.099    100.107 100.116 100.124 100.134 100.143 100.154 100.165 100.176 100.188 100.201 100.214 100.229 100.244 100.261 100.278     100.296 100.314 100.333 100.350 100.365 100.376 100.379 100.379
   99.998  99.998  99.998  99.998  99.999 100.000 100.001 100.003 100.004 100.006 100.008 100.011 100.013 100.016 100.020       100.023 100.027 100.031 100.035 100.040 100.044 100.049 100.055 100.061 100.067 100.073 100.079 100.086 100.094 100.101    100.109 100.118 100.127 100.136 100.146 100.157 100.168 100.180 100.193 100.206 100.221 100.236 100.253 100.271 100.290     100.311 100.333 100.356 100.379 100.400 100.416 100.420 100.420
   99.999  99.999  99.999  99.999 100.000 100.001 100.002 100.003 100.005 100.007 100.009 100.012 100.014 100.017 100.021       100.024 100.028 100.032 100.036 100.041 100.045 100.051 100.056 100.062 100.068 100.074 100.081 100.088 100.095 100.103    100.111 100.120 100.129 100.138 100.149 100.159 100.171 100.183 100.196 100.210 100.225 100.242 100.260 100.279 100.301     100.324 100.350 100.379 100.409 100.440 100.465 100.473 100.474
   99.999 100.000 100.000 100.000 100.001 100.002 100.003 100.004 100.006 100.008 100.010 100.012 100.015 100.018 100.021       100.025 100.028 100.032 100.037 100.041 100.046 100.051 100.057 100.062 100.068 100.075 100.082 100.089 100.096 100.104    100.112 100.121 100.130 100.140 100.150 100.161 100.173 100.186 100.199 100.213 100.229 100.246 100.265 100.286 100.309     100.335 100.365 100.400 100.440 100.485 100.530 100.547 100.549
  100.000 100.000 100.000 100.000 100.001 100.002 100.003 100.004 100.006 100.008 100.010 100.013 100.015 100.018 100.022       100.025 100.029 100.033 100.037 100.042 100.047 100.052 100.057 100.063 100.069 100.075 100.082 100.089 100.097 100.105    100.113 100.122 100.131 100.141 100.151 100.162 100.174 100.187 100.201 100.215 100.232 100.249 100.269 100.290 100.315     100.343 100.376 100.416 100.465 100.530 100.614 100.671 100.678
  100.000 100.000 100.000 100.000 100.001 100.002 100.003 100.005 100.006 100.008 100.010 100.013 100.015 100.018 100.022       100.025 100.029 100.033 100.037 100.042 100.047 100.052 100.057 100.063 100.069 100.075 100.082 100.089 100.097 100.105    100.113 100.122 100.131 100.141 100.151 100.163 100.175 100.187 100.201 100.216 100.232 100.250 100.269 100.291 100.316     100.345 100.379 100.420 100.473 100.547 100.671 100.858 100.925
  100.000 100.000 100.000 100.000 100.001 100.002 100.003 100.005 100.006 100.008 100.010 100.013 100.015 100.018 100.022       100.025 100.029 100.033 100.037 100.042 100.047 100.052 100.057 100.063 100.069 100.075 100.082 100.089 100.097 100.105    100.113 100.122 100.131 100.141 100.152 100.163 100.175 100.187 100.201 100.216 100.232 100.250 100.269 100.291 100.316     100.345 100.379 100.420 100.473 100.549 100.678 100.925 101.219





