0.000000000000000000e+00
2.499999999999998890e-01
3.632959798517182426e-01
4.297758791103105658e-01
4.753105006266028498e-01
5.087080285082606901e-01
5.333666190715801170e-01
5.506209745531653876e-01
5.609197493182844774e-01
5.643526742399908036e-01
2.499999999999999445e-01
3.183520100741406567e-01
3.867040201482813133e-01
4.402485179814605853e-01
4.813790474439200717e-01
5.130774971674298968e-01
5.370687366124471396e-01
5.540987649113985336e-01
5.643526742399908036e-01
5.677855991616971298e-01
3.632959798517182426e-01
3.867040201482813133e-01
4.249195726858057687e-01
4.631351252233303351e-01
4.968796740001869550e-01
5.251541761050916302e-01
5.477320652993801220e-01
5.643526742399908036e-01
5.746065835685830736e-01
5.780843739268162196e-01
4.297758791103105658e-01
4.402485179814605298e-01
4.631351252233302795e-01
4.904927362258679757e-01
5.178503472284057274e-01
5.429274679533697689e-01
5.643526742399908036e-01
5.809732831806014852e-01
5.916366118675344676e-01
5.953387294084014902e-01
4.753105006266027943e-01
4.813790474439200162e-01
4.968796740001868995e-01
5.178503472284057274e-01
5.411015107341982100e-01
5.643526742399906926e-01
5.857778805266118383e-01
6.035511723748898660e-01
6.156278513125517104e-01
6.199973199717209171e-01
5.087080285082605791e-01
5.130774971674297857e-01
5.251541761050916302e-01
5.429274679533696579e-01
5.643526742399906926e-01
5.876038377457831752e-01
6.108550012515757688e-01
6.318256744797945412e-01
6.473263010360614800e-01
6.533948478533787574e-01
5.333666190715800060e-01
5.370687366124470286e-01
5.477320652993800110e-01
5.643526742399906926e-01
5.857778805266117272e-01
6.108550012515756578e-01
6.382126122541134094e-01
6.655702232566511611e-01
6.884568304985209108e-01
6.989294693696709304e-01
5.506209745531652766e-01
5.540987649113984226e-01
5.643526742399906926e-01
5.809732831806012632e-01
6.035511723748897550e-01
6.318256744797944302e-01
6.655702232566511611e-01
7.037857757941756720e-01
7.420013283317001829e-01
7.654093686282632536e-01
5.609197493182842553e-01
5.643526742399906926e-01
5.746065835685828516e-01
5.916366118675342456e-01
6.156278513125514884e-01
6.473263010360612579e-01
6.884568304985209108e-01
7.420013283317001829e-01
8.103533384058410061e-01
8.787053484799816072e-01
5.643526742399905816e-01
5.677855991616970188e-01
5.780843739268159975e-01
5.953387294084012682e-01
6.199973199717206951e-01
6.533948478533785353e-01
6.989294693696708194e-01
7.654093686282632536e-01
8.787053484799818293e-01
1.128705348479981829e+00
